regionId: 1604830953, origin: 0.8027731776237488, 0.12459173053503036, 0.04982826113700867, normal: -2.7271677026874386E-5, 1.2108369992347434E-4, 1.0, number of concave hulls: 1, [60], number of convex polygons: 2, [9, 7]
regionId: 2106473649, origin: 1.0005533695220947, 0.761746883392334, 0.02501594088971615, normal: -0.9984481930732727, 2.6871534646488726E-4, 0.05568770319223404, number of concave hulls: 1, [10], number of convex polygons: 1, [10]
